137.99090547342558 454.21283690604616 492.8752262412105 352.6007752594906 121.5014693275894 
129.77691881019695 30.438093384474058 82.0992553663445 90.04620007008488 156.59104467401352 
590.2736505764764 26.35259016760483 278.2063614075899 340.0735058919858 524.7094851498987 
283.1146061813347 414.9522502092066 144.46507617311227 473.82109300926686 409.46619223426706 
422.18655471523937 392.5289297479765 613.7006076668562 587.1585614937129 424.2617660756369 
142.43568923949115 57.496433108656845 375.68845482737987 389.56566440759156 200.42730531568577 
605.3177893864339 586.6990736636868 475.2681160156504 277.85340989321617 389.09753833692486 
163.30038076848695 296.3235561213503 351.1740282942544 308.5074190236175 497.90265098809954 
289.8224071567789 133.52239494344698 104.01925252713013 372.15689696351956 95.78539122667488 
316.42144955356656 63.20582993723781 252.5960473953559 425.4944919428332 390.2480400184904 
506.375351626605 25.57044474983868 38.454314129058226 602.0383419069038 347.6330735447388 
205.07166068485276 599.0775027231128 159.22835537247502 377.4639973197851 597.038182675292 
534.1880543105262 137.9231994802708 262.9302911991202 153.73674212892575 562.4362854347199 
504.28903347272177 611.5771579169542 101.81314592610853 516.7191257154261 607.6611685127143 
595.141001922789 577.6062699158158 230.69954909369116 53.96235588930896 379.1535986479007 
353.31894666123367 610.5188693499628 618.0248018126186 354.5359796628908 387.63964289584897 
562.7956998025132 403.4097562025475 117.27579451800543 84.40838629201826 600.0052094553803 
408.31850722987025 292.2819927593682 492.9211096942102 94.33255149899776 606.18822221265 
247.51043939133083 33.4656980753159 501.0941634879262 599.5668376653919 494.4542581042541 
281.68391977926586 22.82066757735795 255.86034522661276 121.09278822917493 495.35261224496656 
135.0951282573365 83.54644827445733 153.39261446254423 517.178227778874 145.24050772507223 
57.44823546938285 491.45477436956025 37.19816768574532 504.9498662279229 551.6617700376197 
416.401508831968 348.38283598130045 347.95331292030966 188.73108457223762 214.0967632668603 
479.03222991664126 73.81526797818195 563.6646008649299 411.79367514224975 135.56052915158273 
148.95578670444587 351.38655842266195 73.8032153828116 439.2628003200846 45.98988634857946 
456.21726107592366 552.2775634083898 190.65727435458854 192.47839838608357 611.9758907356195 
239.20191401208945 544.9970853246833 350.1842109850699 391.2995948873254 215.68860427458418 
532.5451650853664 595.9276166306137 332.77270863865596 44.66713802205625 207.20620484206532 
425.13462516382407 244.45970614975838 303.06409884240986 157.10907841434823 49.171729218494775 
292.435719910939 399.5664174084668 60.7338662932536 307.561228181446 432.9084417445068 
