22.45554002569593 269.3288005789678 65.06493564386128 459.39285775757696 402.8600625219403 
322.28575977595307 454.9994257945386 156.2976161498054 425.7885739024092 104.61001861747465 
307.85802273201546 476.22318092271814 454.37619104296783 47.97415254751307 338.4766800950563 
477.78820593837 270.91141673819 432.4502414453115 265.3977241317199 21.952414464943715 
425.210060952546 136.86885805192395 174.27369110584684 305.2277778418979 371.34972205931365 
220.99580390022754 326.8582668913473 147.5590055019077 488.46794459799656 466.47952161768626 
73.78753934865611 224.3262277214336 206.3273284058743 128.52243470876266 154.3546418299136 
56.92318646807281 81.35052311524431 275.22920701620023 291.4809201761416 201.3639759040114 
293.8283642455268 216.58525864974942 115.08677978407121 199.37149517683056 162.0041929152134 
150.01842999872173 72.06529667711713 481.40062897995267 393.73755207289355 274.49703003410787 
106.06179013634753 36.04948615204272 421.4503198987926 250.11743246283524 15.262310440784844 
285.3116410171366 291.05851425424856 505.1342957524182 21.39442181211142 230.12251774500595 
200.59271334656086 17.38647000573822 208.14319313492095 55.65323868785182 409.2103749154139 
322.0718790457544 112.18559400836585 10.804700718515573 362.30316674637106 122.82429540355999 
375.04645084421026 501.3554203184273 503.40231142086935 508.04535989952046 488.979052533721 
461.215930066933 368.58521084511375 399.44474488445724 295.0735268707932 191.2430400375104 
184.0863795443321 484.7417495006772 16.796155484838252 480.0670783033526 312.8158889348554 
11.481430920778571 237.16267769031634 446.38508505641244 20.488347835194812 443.91826562610083 
352.74879943521506 167.1733092356745 157.065692209093 109.92062722197215 162.74096148064598 
281.27198589403895 474.21673862120895 89.84918288504178 376.2304675098611 382.7955010557137 
424.49670361789674 224.36217083959485 445.9542982450543 143.821201690273 412.9499229105089 
243.10092545374727 261.68537326883154 230.80980481837543 96.83867827575243 141.20858627538777 
361.47576171735864 204.2107341558148 454.2014368310432 55.635189960699876 443.95575627897335 
215.70530478328612 466.9435037316455 18.182293756678007 89.89189070746733 442.54096876453883 
389.1633296176051 87.24018420415007 226.2072958462712 323.40984394881434 196.41750738487696 
485.17092030555733 490.66716517365535 285.324466934049 436.62764372930184 493.2901046365219 
280.4326913375671 275.9439887014486 328.3321437631215 481.4008067340963 392.6866060433741 
40.80399604178436 76.98613513088159 73.83256576833857 290.5332489041714 209.90298729421247 
505.01261835318473 78.93856527927072 152.37653976079028 383.09863708919255 216.30793198940268 
434.0043279436666 487.9787540041358 28.767061155531895 140.90471248006767 42.52078100985961 
